518287017
4232885998
237753948
1723592605
3621955632
3868331958
3621565693
1034005939
3944244155
2795769256
2965268634
3794553954
3456968187
2984056752
2116015499
2780862842
907271086
1188340951
1754842544
1592129161
2718915170
3063625729
2312640415
2092629219
844526562
2838031269
3576778092
1856867872
2282246430
2641430780
3077451208
542183765
583577800
719684345
2561367295
3646907303
2753391524
3008676797
3678498880
3329904582
2418672498
4232715566
1942779073
1735720369
2357701266
1981222911
1678177292
2587449347
470363498
3761141129
2664066824
2120794725
986092445
1709607451
1519481181
3789680423
2632019580
169466583
1908746408
2375596948
2143963302
1530302603
2915746180
764381874
1216557168
2607767631
1026819394
4219585798
462570372
3428999115
891895995
60134674
2855578191
3018911697
3411058137
2978317986
3747734399
3412013421
150261420
4206600400
3191904127
827089627
2179565304
2967020856
1703271203
2546729056
3270567471
557590084
2884980273
107891749
2409599118
1477826494
933290846
158584457
409131087
892081489
1965857569
3056991899
2233057155
1491030752
4077110645
3546080952
3064168500
3019769806
2834368830
919055789
2737817083
3134342558
2188465550
3317737487
1635392240
2946758395
682851030
2899604568
396335980
1592521106
3646164884
3943304274
2205793278
1934832308
123968059
2333667028
1938065334
3364060341
1212612604
242634698
3959196865
4038515021
3023594924
1187639542
498247467
3345391125
780497767
944503379
2772735745
62066564
2920789137
3570312278
2692705399
160761361
3538164290
1384453239
1436540046
3582009564
1029584206
2053091765
3025279441
3707841471
809875525
1072129352
52365980
2823294996
2198475639
3758051156
1343085370
1774216117
139847770
3409362256
3976161332
48535727
2179802023
3966328754
3591591690
1744168526
556621100
264022504
1689684985
1706367126
4157442023
1963215399
2207408974
2448116153
2004523540
653200331
2247253414
2144232238
1851653715
2636244665
4252145473
313827016
869989679
2545507209
3477406702
2060909484
2022634473
1940829761
1389854630
1966493440
2031186885
1774432948
234793645
4146060946
2315114647
2957276756
3246336111
3695996944
1945803880
3286572679
2696069659
2166305952
2580573856
2149001373
2658452579
1993458196
19636716
1773373392
1914378877
723330124
2888172759
4275608225
2936682879
2551254149
2800620372
144847084
3593797201
2261764146
2518232916
122275680
2760900438
780817360
3880407145
61384121
2269977585
861750108
4243479388
1712306799
1681308645
2034518704
4137345871
788416417
112649628
3244310753
3590780943
2622734168
3493436133
1171389160
2481788696
4028751400
2517628488
924638280
1792303116
3472077083
2591394925
1380231213
2549370860
1470385172
2099026526
3643508980
3697733066
3259151276
1242173142
2717127487
1840835338
3983464987
448268227
1139664480
2154766340
2276384238
3635504566
4198714736
3151013478
3152585510
1780452849
2919828931
3303027982
3571714433
910996729
1556169213
2423473823
2416668132
900946689
2402282989
988006355
30621243
3038569524
1609662280
1660518184
400870271
2492961587
280014942
1872894341
53451547
472424491
2046041135
2120076899
2210024298
3667814588
3892553770
3306451618
1498490488
871554176
110372721
474073782
709718214
1479650567
3653331533
208299237
2042520897
2481727044
2767255734
3173434047
2176772803
2593799259
484209707
1518218518
829137273
3212195419
2240500946
3910867652
3464019670
4148281369
2573607639
46183283
2318621281
1529148008
3254255689
591759788
74514553
3735757608
732776490
1588352313
3521056752
3291059538
2029761400
2511794368
3933692167
955149294
3253781681
770002450
1481782984
2779479209
3771498850
4113098846
3701784170
300568490
1606152428
3630433383
2781431933
3217433635
3434197061
2662391061
311975207
3797563327
2834708968
3803451900
584305355
1868504350
3447330158
513363495
3810780459
2997558304
12658520
3816790580
744807212
3766038022
2942875170
1319166881
710591232
4084273500
63400774
916470934
455368589
3659745272
1135779311
374025362
3692724715
3629418433
983973514
950039842
2402054325
2530402367
446704743
3048437745
1161638663
168117243
2846120396
1144501079
3059887023
1513863803
2689266045
2351711335
2517648874
1524871817
2374767939
603160244
1846925808
3066456468
654089682
2449135353
3496124251
861015619
3482835770
1172616095
231373723
3263832807
2335029782
375148068
1012308763
1995485019
3597484890
3056283458
4185190092
2806534434
1087032341
2633782238
964432519
2322633295
918900178
3329616098
2553394355
1252999615
1958854055
3280996113
471516577
2780337028
4103724633
3600444361
2290844895
3542489885
1121375644
966351351
3071694027
4102335267
3906839764
2177705876
2437843671
3713202784
2211926357
3383403062
658678387
533562036
3110004154
2442429237
4269676269
453671330
865357904
3880326996
2755395601
1516883690
2031767839
4211453468
1217814474
991711502
3823178000
3689707612
3345102277
2461002761
2171164683
2465437897
766414098
384136709
220983904
3586831392
4164177441
1626137556
2608230817
3239845110
4251470828
3647506389
931600576
1923011038
1936501532
860771862
1113840215
3590392232
748640526
1806123102
1801355297
4181091336
3172534335
222570704
587858370
3927533389
2348431092
993354224
764528294
2918586689
2757569229
3274221703
3753126084
1135718333
2844510783
3740217312
4115663615
3704473257
1096820778
1725906938
4067740902
1908612558
3819945527
4135810670
2012718288
2173908095
2560550677
2565038283
949151625
2092279846
3124538874
1807984963
458734229
2671774650
2149497583
844257398
3414106534
1025939651
3561275337
2382146662
2194368999
2870110806
1000450612
3358015645
736911824
131442284
996323262
3576482388
801737081
3344937507
1744661959
2132534032
1553913490
3817429726
279470252
3135212488
3899655805
180714340
574313166
4134853147
548938452
3508197057
2756323735
936547875
1272508112
2561777083
124199519
1698040813
1214354172
3064816356
184981590
2697897474
3306962435
62855318
3393533717
2864131947
3277877597
1287736257
183107595
3399542615
1001185075
96915730
3842134205
352180837
3223879020
3815830676
3276585531
1907899986
1667775981
1184367276
1805965294
1679585597
3092916311
3900058881
1881695142
1636109960
3197339600
2228238422
833244995
16691671
1152053813
2379579971
744231073
1690041318
1958670677
3275832505
2058160404
2522239050
563101579
1277270263
3658835758
3992465217
3631371195
3983251637
221188346
2056105197
2651804207
1093624816
683168458
1460735019
1092331870
3966858585
3817871447
2552496999
3396437499
3532596146
3199124373
1915690812
4163504124
555467928
2433206494
1308177234
2017180512
3679294963
3048583626
68803704
1297917300
3595372865
1759921713
3264695995
53525033
1851361214
3307316764
171920214
2011897566
798666298
2350351084
2037032908
4017191767
1683349046
2468403685
579052801
1526165405
1510070514
2375546823
3720440598
3006273527
